7 x 7
{{0, 0, 0, 0, 0, 0, 0, 0, 0},
{0, 1, 1, 1, 1, 1, 0, 0, 0},
{0, 1, 0, 0, 0, 1, 0, 0, 0},
{0, 1, 0, 0, 0, 1, 0, 0, 0},
{0, 1, 0, 0, 0, 1, 0, 0, 0},
{0, 1, 0, 1, 1, 1, 0, 0, 0},
{0, 1, 0, 1, 0, 1, 0, 0, 0},
{0, 1, 1, 1, 0, 1, 1, 1, 0},
{0, 0, 0, 0, 0, 0, 0, 0, 0}}

11 x 11
{{0,0,0,0,0,0,0,0,0,0,0,0,0},
{0,1,1,1,1,0,0,0,0,1,0,0,0},
{0,1,0,1,1,1,0,0,0,1,0,0,0},
{0,1,0,1,0,1,1,1,1,1,0,0,0},
{0,1,1,1,0,1,0,0,0,1,1,1,0},
{0,0,1,0,0,1,0,0,0,0,0,1,0},
{0,0,1,0,0,1,0,1,1,1,0,0,0},
{0,0,1,1,0,0,0,1,0,1,0,0,0},
{0,0,0,1,0,0,0,1,0,1,1,0,0},
{0,0,0,1,1,1,1,1,0,0,1,1,0},
{0,1,1,1,0,0,0,1,0,1,0,1,0},
{0,0,0,1,0,0,0,1,1,1,0,1,0},
{0,0,0,0,0,0,0,0,0,0,0,0,0}}

15 x 15
{{0,0,0,0,0,0,0,0,0,0,0,0,0,0,0,0,0},
{0,1,0,0,1,1,1,1,1,0,1,1,1,1,1,1,0},
{0,1,0,0,1,0,0,0,1,0,0,0,0,0,0,1,0},
{0,1,0,0,1,0,0,0,1,1,1,1,1,1,1,1,0},
{0,1,0,0,1,0,0,0,0,0,0,0,0,1,0,0,0},
{0,1,1,1,1,0,1,1,1,1,1,1,1,1,0,1,0},
{0,1,0,0,1,0,1,0,1,0,0,1,0,0,0,1,0},
{0,1,0,0,1,0,1,0,1,0,0,1,0,0,0,1,0},
{0,1,0,0,1,0,1,1,1,0,0,1,0,0,0,1,0},
{0,1,1,1,1,0,0,0,1,0,1,0,1,1,1,1,0},
{0,1,0,0,1,0,0,0,1,0,1,1,1,0,0,1,0},
{0,1,0,0,1,0,1,1,1,0,1,0,1,0,1,1,0},
{0,1,1,1,1,1,1,0,1,0,1,0,1,0,1,0,0},
{0,1,0,0,1,0,1,0,1,0,1,0,1,0,1,0,0},
{0,1,0,0,1,0,1,1,1,1,1,0,1,0,1,0,0},
{0,1,0,0,1,1,0,0,0,0,0,0,0,0,1,1,0},
{0,0,0,0,0,0,0,0,0,0,0,0,0,0,0,0,0}}
